85
0.4663325852486482 0.5532713512354374 0.878087377139551
0.552820082682027 0.3727773550453981 0.3697376729628551
0.20339124196710545 0.39141627369993504 0.6344048254684631
0.4991629102481677 0.022664182653664655 0.06383198292906744
0.5113342801746067 0.6594645848847416 0.3743285101602941
0.1913741956409254 0.9952670992841496 0.25291180191187623
0.5603943828709338 0.36993894834432217 0.29465540595802475
0.5692234187925461 0.7123276008828877 0.2686327990254892
0.8919090844441658 0.6794196925262853 0.16905127042265022
0.8100909105725419 0.2775185265324842 0.7106301649803024
0.5010032277987364 0.4679978939942838 0.7726998506199704
0.11563093036393701 0.6504653377493794 0.7601783345233837
0.29592140909145404 0.7494640916539763 0.9231455344483739
0.28463285644277425 0.7265592515043428 0.12034841281750608
0.8887525163825043 0.290264793412795 0.8725491948774384
0.32008128791214974 0.4825401549031769 0.7564924079374246
0.5058928991524629 0.3473560543323063 0.06954062265815641
0.1590559822631219 0.040672525741571874 0.6280624857939898
0.9462962214135684 0.403559022222873 0.42181219554974647
0.18566765748196146 0.81951273757155 0.4178289117058429
0.9886516447887447 0.6997027773827107 0.8846388998598818
0.7468780613186358 0.9698161167592081 0.12940619470790926
0.22302130825227395 0.9100827955024771 0.5278492586364192
0.7015165256859728 0.7707679471080545 0.7630210860318891
0.6034377814040259 0.9326519281139654 0.31650012647487924
0.6378536897001614 0.4883766297888983 0.9630948634330714
0.6426631220455195 0.2884448932813941 0.266417487723708
0.06083814325369219 0.5956831369021789 0.36846237137619886
0.1799919369030173 0.8605837549420827 0.8783047345717769
0.7611365208383446 0.015720578910804694 0.8417484031163066
0.8451537283921002 0.9366639450366674 0.5073312052010384
0.9687439409599216 0.9713532191939133 0.19910101570932093
0.9354620047340391 0.8354007483861442 0.9866087581578328
0.6111404916345425 0.8501404194625822 0.36740241113934213
0.23472632345039413 0.5173941413122346 0.41629627150944126
0.31939200956556146 0.07316010008427987 0.2401581633841332
0.02871908175969462 0.5866976213025802 0.45863056662459034
0.2492674314706066 0.28494589848300245 0.3156870474933613
0.1549283762559871 0.720022887366627 0.6598301095656939
0.525181096490557 0.3600972296945868 0.22394994114557498
0.0974779318581539 0.166931839093711 0.47648775973157786
0.02694307649252281 0.3063952440199781 0.017634838763655902
0.7731476142781515 0.4491654645821155 0.18343651216895662
0.7912727475410417 0.008459564280383858 0.5221334566350786
0.16609463496871557 0.9816969367891091 0.5683644310801661
0.19085261621694172 0.47679463666162525 0.4395576732930778
0.826808462038794 0.8016408036554787 0.8302169092166406
0.49279486239221715 0.534909577266178 0.3081698248389264
0.6378880644500462 0.5218207453249135 0.7029612834887194
0.6828103941597885 0.2804882238676052 0.0903340710118884
0.2605829759467312 0.05438914688272933 0.430643308370969
0.7369211515885897 0.3006400263236586 0.28635148115713294
0.24443064756427224 0.4665246460030519 0.019941285403166864
0.3054468597377209 0.34037385718505275 0.8422584400852715
0.4795353700960845 0.35070178171855604 0.31163339522507727
0.8102599695382234 0.40968883751621743 0.9273793228936917
0.5042459611471746 0.9813008625287468 0.6232194582938149
0.9835602981606465 0.830980139325298 0.3766103241353165
0.28433975841760994 0.5302232373003567 0.20932393466957278
0.6800079628556736 0.4307001470904177 0.7252143337383027
0.9299287239652173 0.5009655680070781 0.5805856757986312
0.9278469453451271 0.09163034606293863 0.18198446952398706
0.8729652612586773 0.8771513157473569 0.955591807985169
0.9733019242682385 0.9521880228983203 0.31660536208596546
0.5128464933181561 0.6411967010918378 0.2818403699742664
0.2667847216803112 0.16435246187666586 0.508455945884216
0.34114310425394123 0.26944243810903823 0.05248694517099062
0.9868731398675462 0.588666490697121 0.5557730577381335
0.7402047969504681 0.4850673196083167 0.9529733401285327
0.8071023721846214 0.5690191587013858 0.14638122221744043
0.10251071661167555 0.25284878229176977 0.4780555399617977
0.6518222475135507 0.962794566883678 0.22245347893560874
0.2739782215312585 0.3829421860569885 0.22511612542770587
0.8984175206326583 0.6314105140951934 0.4101816689549229
0.04769575426003536 0.7956680436692204 0.67443115708694
0.8494217304949933 0.8612423644372953 0.6726849453982228
0.23836232167609495 0.9965712868071576 0.15101670781908627
0.18897673100404966 0.23648602282452225 0.9790359642873209
0.5026180159262552 0.8957350149841761 0.03149157637295574
0.7628680159579662 0.08793098413396228 0.6189336329133509
0.7782129624915229 0.4388624848108398 0.24854058889933006
0.29474863861323775 0.019517553541326005 0.43386719729471046
0.10742419345533827 0.6586106281361801 0.6673838425891261
0.10497814445926401 0.29916573980082617 0.584639997517893
0.7013784690041716 0.11992418572376284 0.19580030514489877
