71
0.3701712526445774 0.719008007112719 0.9065389213942522
2.1273094336151828 1.6544962248659554 3.369737672962855
1.6054495909326594 1.4351653239908024 3.4586305666245902
1.9702203995248844 1.7266967783379723 3.3081698248389264
2.4111502666575406 1.5807486765646361 3.195800305144899
0.6426631220455195 0.2884448932813941 0.266417487723708
1.8936949342871368 1.2512771114336796 3.478055539961798
2.176287247130419 1.7853892364617745 3.7252143337383026
2.28157462194198 2.1140747568004237 3.5557730577381337
1.6218074781074792 1.4642306491914896 3.3684623713761987
2.070753992897642 2.2521890612819604 3.986608758157833
1.898810062427765 1.906193416449034 3.268632799025489
1.7801093642120742 2.1417064984781016 3.2224534789356087
2.1458010547699757 1.2227189239374336 3.430643308370969
1.6218149637258652 1.5417118662246336 3.760178334523384
1.8310015303296978 2.0332816414552335 3.3674024111393424
1.8626886345116722 1.285772881135381 3.584639997517893
2.2832465638003323 1.8626340741686342 3.9273793228936915
1.6102523343391408 1.5416684169723898 3.667383842589126
2.229089975033462 1.864305866795102 3.1834365121689565
1.9970400124846384 2.237519299467955 3.955591807985169
2.0149297828359733 2.3615269987480008 3.3166053620859657
0.7355630178607281 0.6553394038133747 0.13153187999819405
1.8670462250289004 1.420592427828888 3.6344048254684633
0.0974779318581539 0.166931839093711 0.47648775973157786
1.8952560570402341 1.8278798168889787 3.3743285101602942
2.3369354815088346 1.368987475997748 3.0638319829290674
0.7468780613186358 0.9698161167592081 0.12940619470790926
0.9687439409599216 0.9713532191939133 0.19910101570932093
1.8429558276431044 1.5027213092019276 3.019941285403167
0.28433975841760994 0.5302232373003567 0.20932393466957278
1.9747715140331943 1.3777458682104435 3.3156870474933613
2.050700027246654 1.4317491774993287 3.0524869451709904
1.938525009022751 1.7209688576123947 3.878087377139551
1.9510318503056387 2.0410623345483176 3.7630210860318893
2.1804094403634644 1.8663982224175106 3.9529733401285325
1.4638652991993912 1.873229928873681 3.1510167078190863
0.9462962214135684 0.403559022222873 0.42181219554974647
0.32008128791214974 0.4825401549031769 0.7564924079374246
2.07243054551942 1.3048600261148078 3.508455945884216
2.112102478040252 1.6033381210494055 3.0695406226581565
0.9278469453451271 0.09163034606293863 0.18198446952398706
0.8035705427914762 0.26096360863953283 0.26806090586200726
2.2399570239669053 1.8606023020031512 3.24854058889933
2.0820719884275243 1.8200379635936539 3.7029612834887193
1.797808458317382 1.4720978999510044 3.439557673293078
1.5518038456469219 1.7107698736581107 3.417828911705843
1.4232820816314427 1.8116112037787235 3.568364431080166
0.9886516447887447 0.6997027773827107 0.8846388998598818
2.3033227564571828 2.0117950570147336 3.5805856757986314
0.5026180159262552 0.8957350149841761 0.03149157637295574
2.188802464946962 2.081751777405353 3.410181668954923
2.1346723292675978 1.657845007266178 3.2946554059580246
1.9753028832585064 1.4566642083668508 3.8422584400852715
0.8919090844441658 0.6794196925262853 0.16905127042265022
1.6875108492666397 1.715020796611726 3.1203484128175063
2.107890464986996 2.283073848083516 3.3766103241353163
2.105696242695082 1.7963650960886062 3.9630948634330716
1.9352925052627765 2.2599353597195186 3.507331205201038
2.0177962219094288 2.151487518590674 3.8302169092166407
2.4772525520766737 1.6016057423917367 3.618933632913351
0.7912727475410417 0.008459564280383858 0.5221334566350786
0.6828103941597885 0.2804882238676052 0.0903340710118884
1.9092426977165275 1.8160317685494918 3.281840369974266
0.29592140909145404 0.7494640916539763 0.9231455344483739
0.5550937495184918 0.5714182785230942 0.7804195088859698
0.18897673100404966 0.23648602282452225 0.9790359642873209
1.5141741632732668 1.8012255955552898 3.527849258636419
2.1683502547406803 1.9730648662263086 3.1463812222174403
0.2739782215312585 0.3829421860569885 0.22511612542770587
0.7369211515885897 0.3006400263236586 0.28635148115713294
