116
2.808035687358681 7.655928375800487 0.43808914719818737
0.25330190984335865 6.351974513859333 2.5986490347038615
8.539048176086299 3.4282947750016146 9.781531598931014
9.762950340260861 5.776048313814482 1.79667836919849
9.435137637896947 4.424486921600748 7.061006504581922
5.582560715598382 7.378491080276635 5.192812026436489
9.754996978808268 1.334963960610479 8.743746187169418
8.546191861992167 2.4462734024916233 1.3759318691591194
2.4219747697314964 8.29092729071191 5.2658768270176015
7.042002289331761 5.993739038746531 1.8875646925778122
9.906857823175864 8.689095862559173 8.282848084045964
3.8983180558538324 8.164694731384877 7.330782510572646
3.188081795018396 7.511687520823953 6.376524217124608
5.3359649236002 1.6047312578429607 1.3942601894948092
5.900329810321541 8.832650901507952 5.558130368891684
0.9467521924634836 8.116615765077004 0.38437710511875833
2.5573776594800126 6.521626545298349 8.427561819433052
7.948482616860399 1.6109811324103185 1.127003515555235
8.433617616299422 9.302879492611341 4.208212856490055
9.799069665257356 4.055914021336061 7.737625827436433
9.024574132931955 8.944558264432521 4.255250790282217
5.13044576530454 2.7148932538669355 3.6806692208996217
6.911327653445203 9.795157864008463 3.2209200050518727
2.356835755321068 8.749588920844268 2.828605336841804
9.524028579716022 3.666430584720689 0.36325885960493465
8.993247994051913 1.661893088800911 2.2028460482432988
1.2868757780206763 3.561746577792598 7.816394766500819
5.267899937803322 5.485441115993105 9.978717945792123
7.7902245562819505 7.874938206897553 8.119467173062858
7.614010128080363 0.9012509324439433 0.5263797476463583
4.7823411526782165 1.5940011045420754 2.931296802281885
7.772627473735538 3.250353431697034 7.366341239488438
7.243412845380886 9.246227193404678 9.120823710109956
5.360561080743185 8.832974351340754 3.909338245470048
4.4623350197656 3.151849380654006 0.8198199530705896
8.19043687652298 7.1196488204385115 7.341537052015292
1.2996502118232778 0.1908408717451393 6.372409565677657
1.2779906543368558 6.517905010408471 1.5559343237480094
6.906560751438163 6.83619459967302 3.055616696024994
3.733314561096168 5.160584908837969 2.722353507370844
7.35088883546252 5.502217170886641 3.1691409973688858
7.959206252981621 5.493756240689266 0.5695348315541282
1.6585488858566555 0.7304851851320704 3.7003382823975937
0.6450188542761648 6.619268658028334 0.3622635893355286
2.3693028370527616 1.5412791427018901 8.645646113966901
2.9170549510622346 9.808581358746052 4.177197622083279
6.837934852633926 3.0481501289462987 9.553477705610652
8.618822087750237 0.01271626072792631 4.1106486355093494
3.044201692621904 2.191985749738036 3.559460698375659
6.668387576024546 3.6729100750365373 0.8563324683850293
4.760761597662788 3.807920741393712 7.226654742424791
4.661387003589791 3.19123662086139 8.985125498962942
7.28103335716296 4.295117254226905 5.911732361621133
3.137780003457574 1.972447226298999 9.752221036642828
3.615506876224935 1.2461677407096972 7.351106950413115
5.5061460048492625 8.819838001858118 7.956098253354212
9.926188293147874 7.773472359486688 6.464503280178516
3.0270814599271456 1.9454099348998677 7.087361673626516
5.6563610401111255 3.6642394437335515 6.904372332889414
0.6870923324804801 9.506158172936246 1.4682452882627184
4.7244105575917565 4.104133391164614 0.8513346707277725
1.4688433361671904 9.409254348541443 0.49119292768537215
8.024961404038914 7.122004565738904 5.190204129213206
0.2420457848765345 4.414226617535694 1.7320254613191666
3.903000013354474 2.3183702027672846 7.653951619600975
3.1458524351749064 7.39499749229522 8.488479583155566
0.9687643945086766 6.2597575186227985 8.650366611228398
6.735566694036122 0.6555985591253677 6.72634871480118
6.8997457859978795 9.686823760361934 0.5749022760219336
0.18105872527029332 4.672118823632445 5.215793827584654
3.3930284832671664 7.867317069242299 1.0124147089834856
8.761229567356551 1.6280502098574545 1.0094133672421224
6.738761167135692 0.4588389138164817 7.260467005806719
8.627751756866488 6.595568029147808 4.83882234823458
5.086500384034699 7.188784808618873 7.656214360362922
9.510933782453677 4.446862231356609 7.292705010041951
0.7916149188406585 9.256467949447002 7.483094272340063
0.9760488714909277 3.1852786391024814 4.21040366699012
0.33565758719687255 7.792246875260402 3.0208489941395023
8.011821513250077 4.094909747549714 2.093446974612619
4.1626698722694275 4.381728147089069 5.235149000947169
8.153942991171625 7.096723530816547 2.4758873600235507
4.556046837703157 7.992524171801742 0.3736533594486757
2.0994197249742808 5.840106305855422 1.2399439403445622
0.9404231470988644 2.2646005739166117 2.0216439001890087
0.03511611620245714 2.83593818842949 6.814575951272267
7.097401774012011 3.2947247001917246 5.237476738195205
5.115538662434388 5.368684478683562 0.5966526907596614
9.663214155188136 6.273577868799498 2.098834707716053
8.305510219662636 9.43167646809702 0.2909598360880017
2.1365424515197784 8.590413173661535 9.271168723130197
3.336820413193177 2.5686006184957053 0.8748800438062576
6.002634174900356 0.536944376785119 4.478382785893176
0.6573604869018046 2.339488506834325 0.8081511966468868
8.703834236394218 7.899773937648311 2.64284387256743
1.7035755424390442 7.641299501709227 2.884629420606605
5.606032432317047 0.10917595431736093 5.140021166455762
9.62703366622987 2.080203459025056 7.323482134068762
0.12181003061100037 6.8099920701363725 6.158115188277624
7.168321833702386 6.450790708203508 0.2635094100500668
7.256090047624156 8.880609526368424 4.439613153308883
4.788016502413122 7.635360614074692 7.731853044495126
3.080738397643601 0.8728226588776544 4.572589367836061
2.8973827172049504 6.520320752383382 1.2689487457244208
5.861028637397031 2.949501724110343 3.497862625949022
9.275173460938698 3.6506067480079283 0.6096382878902196
7.907339787810081 0.45139832762914 2.2579916307757597
8.132634370222208 3.222358628924061 6.9069022517739675
7.387007924517317 3.864313175596835 1.3472393928155213
4.436913458335846 5.781770204679889 9.428612564878977
8.593354846238174 6.211888047953594 9.764299458721867
4.762433002177423 4.718012937318468 6.070700947725496
9.520924034878904 6.358097598165163 6.746468751779327
6.666265182395294 1.0519408626784132 7.794637104721699
9.515118722298586 8.713962103342698 1.2574175860627512
5.193515334661488 5.076796100146171 5.836673794985455
