173
47.438195947506664 -3.340678013450013 26.268948745724423
50.579615300785065 -6.602547353064977 26.77311297501453
50.74756704961946 0.7838497153124955 27.47588736002355
51.708053561149725 -4.452507578836432 28.68066922089962
47.167865205464224 -2.0530871151436108 31.471111325447836
52.254496868765706 -5.491245150753194 27.931296802281885
52.058760423992155 -3.770014235528172 28.497862625949022
49.84510240840001 -3.958198219354702 30.235149000947168
45.59782266677132 -4.448149047907502 29.99138646699531
48.85129126041029 1.4103696947402256 29.439613153308883
47.19685273052664 -3.5801745603800423 33.42756181943305
46.796080309224834 -3.842168044317007 31.12951734867324
47.96082410232009 1.813269199186335 28.220920005051873
50.92983809527654 2.932300657654565 28.37227680013421
51.03955330499125 -4.447356585044885 33.985125498962944
50.04784371370349 1.9729550682380754 34.39540678023182
51.68395132223765 0.46888764759694723 34.764299458721865
53.88686449080278 -5.958737393916583 30.14002116645576
51.74333642236838 -0.4873189936770288 25.56953483155413
49.4447979975664 -5.015685265621945 33.528249263345764
50.19556722140088 -2.892874586045062 32.85143043656455
49.04904267493565 -2.774299487081384 34.428612564878975
50.65624013615544 -8.310697807918167 28.700338282397595
52.396834803861395 1.2690137105213388 27.09883470771605
52.236456021116375 1.228163875333344 31.746468751779325
48.73439972559658 -7.881421379326203 25.02956600997484
49.48523393315766 -1.6610004520141448 32.748223782864756
55.18405076878824 -2.4656774858153954 27.2028460482433
54.29918669759352 -4.7736569286191255 31.72634871480118
48.39142343115801 -6.571506252791741 32.81639476650082
45.68758724546368 -5.329364249188199 27.59864903470386
48.513460427393674 -1.3200625992758432 32.656214360362924
47.35493515236543 -4.385907304193203 26.239943940344563
50.735670331091036 -2.959609116693988 33.22700435415334
52.1113615244402 -1.8144254026494284 30.911732361621134
54.48129027543446 -3.240438358383699 26.127003515555234
47.926535871805754 0.417790568425243 30.558130368891682
52.68889874556094 -2.6516568991422913 30.237476738195205
49.8461751577147 -2.396239620448851 34.97871794579213
51.10827012996676 0.5819726428380534 30.037045201863144
50.566503278056196 2.8899066666086206 26.25741758606275
45.77556745126444 -4.863373039560733 25.36226358933553
46.294821025985016 -4.487469310035771 26.55593432374801
54.31329370739783 -2.227153269525937 26.375931869159118
53.97716926394948 -0.8600931621269723 25.60963828789022
49.8209988767012 -2.586534721442572 25.59665269075966
47.986623670272515 -1.2153457956936897 32.731853044495125
50.56478875825138 -3.30586629707293 30.054479651145062
45.9595377165271 -5.234548884852714 33.657136085904376
46.942749072105904 -2.4341205596361286 31.376524217124608
45.80139512358622 -3.3921754869418193 27.884629420606604
55.106772457116776 -2.818850166333754 27.546334174791248
53.61384838687919 -1.5378106465007075 34.78153159893101
46.98321612163588 -1.4701618566034735 32.33078251057265
52.7696748708361 -1.439248227485308 27.09344697461262
48.43783865012269 -7.0574970985212655 29.21040366699012
46.57202220553812 -2.600860052847813 25.438089147198188
47.3744472392494 -5.241057791414191 30.75647834556638
46.258702882727505 -4.888663137269178 33.6503666112284
49.94009840319064 1.0769428182352208 33.11946717306286
52.819165458826625 0.9877313211453114 26.79667836919849
55.95386244498229 -2.1582134166430693 33.74374618716942
49.3853390326329 2.5415973802063956 29.208212856490057
46.995400715864925 -2.546493536816145 33.488479583155566
48.58379639305466 1.6599362907504762 34.12082371010996
49.02911311528283 0.22082463520571594 29.667761419850848
51.6753757696535 -6.5622769104430105 32.35110695041311
51.408642689746756 -3.409340193142813 31.904372332889416
56.27018839517198 -3.6154593767124465 26.805959588661587
50.60260767224847 -6.297456351943442 28.55946069837566
52.42481517197119 -0.2961524945127181 29.12963220295238
50.19931346284724 3.4277670070068993 27.760015168061667
50.82401470906778 -6.386523672434982 34.75222103664283
52.49092134501191 -2.0441145528019984 26.34723939281552
50.049756383079135 -0.2824044990415686 28.055616696024995
46.65856032714838 0.22844453229672013 27.012482475056622
46.8243409497318 -6.568285244868566 30.215793827584655
46.83620019987141 -2.037733301316776 26.012414708983485
55.336414815978 -1.7217332397733394 32.32348213406876
51.11968937137094 -3.7590262239844296 28.049898431739518
45.270741126041536 -5.098475728718377 31.158115188277623
50.05657976321848 2.706095370215305 29.25525079028222
51.120502484736555 -5.600826931908288 32.653951619600974
51.7523797431582 -6.138030032373034 25.0283436063353
54.06102430122654 -0.20304708198080235 32.73762582743643
49.06366516200302 -7.733705993006215 27.02164390018901
45.47964088620678 -2.146571796745885 27.828605336841804
48.99076745852529 -3.7110633736181313 27.722353507370844
52.013055665558305 0.8888056131836031 33.27641847591075
54.010440519480866 -1.7022536776821369 25.186151567565535
50.86108774022309 3.149324953814215 33.282848084045966
53.197730641509324 -2.205575452878799 32.366341239488435
50.76485727036318 -6.483917615326065 32.08736167362652
50.67376023085946 -3.9410266122197406 32.22665474242479
52.54134037893734 -3.4571499175400167 34.32545748548556
53.580839334194614 -0.1303477882161861 32.29270501004195
43.76397874048309 -2.79228344528663 26.468245288262718
49.82097481623025 0.6545411738307862 31.311651679868792
50.33347501253014 -6.047004428978088 26.207984957312398
51.52220003466016 2.5155500721786126 31.464503280178516
52.11124604913869 -5.895521987106999 30.58966355560542
50.58550116925864 -7.234800963729572 33.645646113966905
46.36700905107298 -4.738677574221605 25.876855903489563
45.436424247472246 -2.4148969359471115 34.271168723130195
44.01444502031076 -2.89493246590942 32.48309427234006
49.14052161895394 -2.263672417928362 26.011741347510288
49.57828021636584 0.037225014157627356 27.007721539221293
51.56123219116991 -7.20441016709877 29.57258936783606
50.43860219059581 -3.757276705830911 25.851334670727773
45.850023873952864 -2.42483430687313 30.2658768270176
53.99630277142886 -3.1732754933173606 31.938956903829247
52.67978247735671 -3.009482270138138 34.55347770561065
52.21401304898186 0.24870016535635742 30.06545114257616
56.085435789896536 -3.8965807017193583 29.11064863550935
51.436970894486834 0.7645126528620487 29.83882234823458
47.562463808280135 1.2433977486458687 28.219854250925586
50.75716149567089 0.8258654168686412 32.34153705201529
52.63838062724848 -5.092186663945966 26.39426018949481
43.87781511163981 -3.774685147996564 26.684353678407295
45.824097934260664 -1.0811643846067405 34.181174061165876
49.20368020898864 2.5420849860866106 25.290959836088003
47.570043573665025 -1.1268203449781655 25.373653359448674
53.54306509965028 -0.19976548927956372 32.061006504581925
49.41286269658862 -8.778037586918336 34.68217840135268
50.57620168093317 -3.558487892846557 29.884595161592866
50.741234052957466 -0.7823389091221085 26.88756469257781
47.04982264089017 -6.7075182092025365 26.732025461319168
51.80514615046966 -2.6522153922394143 34.223167482328705
47.97029584308754 -7.5232478494031145 33.61862932725597
47.43793921811409 0.08930041529839983 28.43707645111158
48.11172740684628 -6.87568882109869 29.876667755563236
49.957053507284634 -1.0697198925924774 32.278031425667216
54.141947263725925 -0.6729368778625613 25.363258859604933
45.12695494440061 -1.0016162704208078 29.177197622083277
50.56855648972611 1.7405239320298627 27.64284387256743
52.11812245384036 -2.687598304666192 25.85633246838503
51.94958155891489 -5.082154616581797 27.198740812107953
49.718998254268705 -0.672055315393095 27.242391891290765
49.998811674221166 -2.7510529268369552 29.750931713776566
50.08253296222068 -2.7377931395497637 30.836673794985455
47.5446330292783 0.03634515303808783 28.909338245470046
50.638486903480704 0.7105223516317647 30.190204129213207
48.81055587028182 -7.880907754337102 25.808151196646886
47.6131371996537 -6.454406635250369 30.990202413926696
46.35347909870581 -3.320907452534694 33.111602110875744
48.01951971983131 -7.969858032039923 31.814575951272268
45.33720158857193 -0.6133970043444616 27.247831209128016
46.17622624638525 -4.631364188342937 25.435867174572284
47.656865918151446 0.13000043831281438 32.95609825335421
51.307208270209024 -0.9114815836009651 28.169140997368885
47.762006042539774 -7.297318348155782 28.56520459253909
44.42350703447297 -1.6848495729146187 33.457298348972216
50.50737112455268 -0.3698331678755835 25.263509410050066
44.930140847622575 -3.5912310568342516 25.38437710511876
51.53388706642349 -0.5209871179612033 26.869216442399278
53.96992679825236 -4.542404166933379 32.7946371047217
48.73008546059718 -0.8351523838266957 30.19281202643649
49.26891750355209 -8.249238118070664 26.348093797011348
48.02923826463151 1.7284758028533016 25.574902276021934
50.46675999113054 -1.06878482808645 25.883522423983475
50.03140972908251 -3.2963123875099853 31.070700947725495
45.826500084220065 -0.20879323838560104 31.40771214306862
45.333994820113986 -3.0546105032292123 33.80593161058597
52.48376058546558 -0.4867775040677049 25.479052716111894
54.44057561064632 -4.910528174489875 32.26046700580672
50.784046603412236 -8.946063647510687 31.372409565677657
50.54321342627232 -5.824236742731134 25.874880043806257
54.74663754770687 -3.9788011605295113 25.52637974764636
44.385281527741824 -2.308023360732843 25.491192927685372
50.47515679607104 -8.668040652949772 31.692009504226913
53.864826320109415 -5.3758196600011 29.478382785893174
53.47208927416772 -1.970807449977901 31.906902251773968
50.71524191060888 2.788822932356677 31.607137475288688
